10
0.0 620.589891603014 1669.5933136040476 522.8919469072501 367.18552351103335 1399.2811442466948 2414.3963038073125 1219.1375850116572 1864.0764256683574 52.9749303254946
620.589891603014 0.0 1905.3316101094981 2136.4799064458493 1515.813671653319 1281.0586081241436 187.0405041845961 1107.292878138478 1337.0360936467346 879.7192028654079
1669.5933136040476 1905.3316101094981 0.0 1678.5574332459785 781.6183929657769 1089.113436467782 18.96858373891712 1809.5759589006857 954.4868221847735 1577.3697973566307
522.8919469072501 2136.4799064458493 1678.5574332459785 0.0 2148.2401387207037 11.857705016297132 1946.7179711509718 981.5351109350056 842.245629076991 1453.5173264101225
367.18552351103335 1515.813671653319 781.6183929657769 2148.2401387207037 0.0 2206.4437984168635 1729.624481196146 2571.668246605364 993.1914814232817 1243.9557429784675
1399.2811442466948 1281.0586081241436 1089.113436467782 11.857705016297132 2206.4437984168635 0.0 388.98255999510695 2306.297827218362 156.0001606597126 1407.992290927105
2414.3963038073125 187.0405041845961 18.96858373891712 1946.7179711509718 1729.624481196146 388.98255999510695 0.0 710.9913164539524 172.9727215140672 915.4640684863862
1219.1375850116572 1107.292878138478 1809.5759589006857 981.5351109350056 2571.668246605364 2306.297827218362 710.9913164539524 0.0 1072.33443830304 1470.7128691067003
1864.0764256683574 1337.0360936467346 954.4868221847735 842.245629076991 993.1914814232817 156.0001606597126 172.9727215140672 1072.33443830304 0.0 1308.9601899332388
52.9749303254946 879.7192028654079 1577.3697973566307 1453.5173264101225 1243.9557429784675 1407.992290927105 915.4640684863862 1470.7128691067003 1308.9601899332388 0.0