10
0.0 1382.1282977364588 1015.976454060496 642.3617777231111 918.7801487410886 575.9176478941225 599.2304353545239 1188.500889330358 1078.5287327499564 2086.7044797533763
1382.1282977364588 0.0 1271.2985595291805 128.92155481764644 705.435065858709 827.7150391122029 771.414309691377 1051.1605120140955 1536.0170301935095 3097.2626360216705
1015.976454060496 1271.2985595291805 0.0 1036.8098109388516 1342.5996778113874 476.37927674035234 372.8520275595554 606.973711723158 1112.6185062316827 2335.2960369866696
642.3617777231111 128.92155481764644 1036.8098109388516 0.0 1050.6230567724756 1874.0497187098363 1300.5625835776664 1565.272135292829 1478.7983490605852 694.539469074535
918.7801487410886 705.435065858709 1342.5996778113874 1050.6230567724756 0.0 1464.224613430589 1697.4215566041426 593.5454666652499 720.6691167383134 1273.678265439699
575.9176478941225 827.7150391122029 476.37927674035234 1874.0497187098363 1464.224613430589 0.0 1483.6344427471074 347.4602493952036 1283.3850882717427 563.3014318112166
599.2304353545239 771.414309691377 372.8520275595554 1300.5625835776664 1697.4215566041426 1483.6344427471074 0.0 989.1736724370653 865.1086257248315 377.06343647368976
1188.500889330358 1051.1605120140955 606.973711723158 1565.272135292829 593.5454666652499 347.4602493952036 989.1736724370653 0.0 1356.2373568838102 1917.0733840407593
1078.5287327499564 1536.0170301935095 1112.6185062316827 1478.7983490605852 720.6691167383134 1283.3850882717427 865.1086257248315 1356.2373568838102 0.0 1815.794996931042
2086.7044797533763 3097.2626360216705 2335.2960369866696 694.539469074535 1273.678265439699 563.3014318112166 377.06343647368976 1917.0733840407593 1815.794996931042 0.0